source target
0 563
0 611
0 650
0 660
0 679
0 732
0 765
0 777
0 812
1 597
1 611
1 686
1 712
1 735
1 740
1 765
1 775
1 790
1 816
2 525
2 529
2 553
2 554
2 615
2 667
2 679
2 817
2 837
3 534
3 536
3 600
3 626
3 765
3 795
3 817
3 830
3 863
4 577
4 608
4 677
4 679
4 722
4 796
4 823
4 854
4 856
5 534
5 566
5 600
5 624
5 694
5 734
5 759
5 765
5 863
6 574
6 650
6 660
6 670
6 674
6 707
6 817
6 838
6 857
7 562
7 574
7 650
7 688
7 765
7 838
7 846
7 857
7 864
8 574
8 626
8 679
8 685
8 706
8 775
8 790
8 810
8 816
8 817
9 616
9 632
9 650
9 674
9 679
9 707
9 759
9 781
9 790
9 841
10 584
10 594
10 600
10 650
10 685
10 716
10 775
10 802
10 817
11 600
11 644
11 685
11 759
11 770
11 775
11 777
11 790
11 817
12 599
12 604
12 647
12 650
12 679
12 734
12 765
12 767
12 815
12 828
13 543
13 563
13 612
13 652
13 709
13 737
13 747
13 832
13 839
14 554
14 563
14 595
14 628
14 650
14 748
14 764
14 846
14 871
15 521
15 597
15 602
15 611
15 626
15 679
15 685
15 775
15 790
16 563
16 707
16 721
16 722
16 735
16 765
16 806
16 857
16 864
17 522
17 599
17 613
17 677
17 687
17 696
17 703
17 751
17 820
18 524
18 563
18 608
18 610
18 612
18 679
18 685
18 748
18 805
19 535
19 542
19 549
19 563
19 612
19 652
19 710
19 752
19 791
20 563
20 596
20 679
20 737
20 747
20 757
20 790
20 795
20 839
21 554
21 563
21 566
21 600
21 601
21 612
21 732
21 734
21 857
21 872
22 534
22 563
22 579
22 628
22 648
22 702
22 739
22 786
22 810
23 601
23 612
23 626
23 642
23 764
23 801
23 805
23 826
23 857
24 533
24 563
24 611
24 655
24 679
24 737
24 765
24 816
24 834
25 562
25 563
25 679
25 681
25 737
25 744
25 754
25 832
25 834
25 857
26 529
26 568
26 570
26 664
26 685
26 714
26 735
26 751
26 806
26 854
27 594
27 595
27 601
27 626
27 653
27 679
27 733
27 789
27 870
28 574
28 597
28 679
28 707
28 732
28 775
28 780
28 790
28 837
28 855
29 627
29 629
29 690
29 722
29 732
29 737
29 758
29 765
29 801
29 816
30 579
30 605
30 611
30 654
30 695
30 699
30 765
30 786
30 851
31 523
31 555
31 682
31 685
31 758
31 765
31 784
31 854
31 859
32 553
32 643
32 656
32 666
32 679
32 722
32 758
32 765
32 832
33 545
33 579
33 586
33 599
33 637
33 678
33 701
33 703
33 815
34 563
34 567
34 650
34 655
34 685
34 707
34 765
34 801
34 816
35 536
35 575
35 600
35 628
35 694
35 716
35 781
35 814
35 835
36 602
36 611
36 626
36 655
36 695
36 731
36 753
36 765
36 812
36 816
37 538
37 554
37 574
37 696
37 780
37 802
37 808
37 817
37 866
38 519
38 532
38 562
38 612
38 679
38 723
38 748
38 802
38 858
39 524
39 597
39 611
39 632
39 673
39 679
39 685
39 712
39 780
40 611
40 612
40 620
40 650
40 679
40 695
40 758
40 843
40 863
41 545
41 570
41 631
41 655
41 732
41 735
41 765
41 775
41 816
42 556
42 562
42 563
42 583
42 596
42 601
42 650
42 722
42 739
42 765
42 857
43 553
43 627
43 629
43 643
43 666
43 679
43 722
43 758
43 832
44 577
44 606
44 608
44 679
44 700
44 775
44 777
44 782
44 868
45 554
45 650
45 660
45 670
45 688
45 732
45 764
45 816
45 817
46 563
46 584
46 639
46 650
46 683
46 721
46 739
46 794
46 857
47 567
47 585
47 605
47 679
47 696
47 716
47 816
47 857
47 867
48 543
48 600
48 623
48 652
48 669
48 678
48 734
48 766
48 841
48 851
49 563
49 599
49 605
49 650
49 703
49 707
49 764
49 801
49 816
50 540
50 609
50 620
50 632
50 638
50 677
50 685
50 735
50 758
50 843
51 563
51 596
51 602
51 650
51 656
51 698
51 745
51 775
51 825
52 597
52 600
52 670
52 693
52 700
52 707
52 728
52 817
52 833
53 563
53 601
53 650
53 704
53 765
53 789
53 795
53 834
53 862
54 577
54 584
54 596
54 713
54 724
54 744
54 757
54 765
54 839
54 842
55 656
55 660
55 673
55 707
55 732
55 769
55 777
55 790
55 812
56 571
56 597
56 624
56 632
56 667
56 701
56 728
56 780
56 833
57 543
57 563
57 593
57 604
57 606
57 691
57 724
57 775
57 785
58 547
58 553
58 562
58 574
58 603
58 695
58 737
58 786
58 817
58 841
59 562
59 612
59 645
59 650
59 679
59 748
59 799
59 805
59 857
60 563
60 650
60 688
60 723
60 748
60 765
60 767
60 828
60 846
61 543
61 597
61 616
61 658
61 679
61 755
61 774
61 790
61 805
62 600
62 669
62 678
62 721
62 734
62 761
62 766
62 824
62 851
63 563
63 574
63 600
63 639
63 650
63 660
63 708
63 740
63 817
64 535
64 549
64 612
64 626
64 652
64 679
64 710
64 732
64 791
65 562
65 563
65 570
65 650
65 679
65 685
65 744
65 765
65 864
66 531
66 546
66 556
66 601
66 711
66 795
66 799
66 821
66 857
67 574
67 612
67 682
67 685
67 707
67 740
67 790
67 816
67 817
68 569
68 597
68 616
68 632
68 667
68 712
68 755
68 780
68 841
69 529
69 562
69 591
69 597
69 679
69 707
69 817
69 832
69 837
70 545
70 553
70 620
70 626
70 629
70 652
70 690
70 722
70 732
70 758
70 812
71 561
71 580
71 596
71 606
71 691
71 708
71 722
71 785
71 832
71 868
72 546
72 563
72 571
72 650
72 740
72 765
72 775
72 834
72 846
72 864
73 574
73 640
73 662
73 682
73 765
73 785
73 819
73 839
73 858
73 868
74 620
74 663
74 679
74 735
74 753
74 758
74 765
74 788
74 848
75 531
75 584
75 608
75 628
75 650
75 696
75 733
75 816
75 817
76 522
76 539
76 599
76 605
76 647
76 726
76 765
76 811
76 816
76 849
77 574
77 607
77 644
77 660
77 696
77 707
77 740
77 780
77 857
78 523
78 614
78 620
78 682
78 722
78 735
78 758
78 774
78 795
79 563
79 644
79 650
79 652
79 661
79 701
79 810
79 826
79 850
80 574
80 600
80 633
80 676
80 702
80 706
80 712
80 790
80 817
80 844
81 524
81 563
81 574
81 582
81 650
81 725
81 765
81 817
81 828
81 857
82 545
82 563
82 572
82 578
82 611
82 679
82 795
82 834
82 857
83 566
83 600
83 611
83 692
83 735
83 737
83 759
83 765
83 838
83 871
84 522
84 602
84 611
84 707
84 718
84 765
84 777
84 812
84 816
84 817
85 518
85 574
85 636
85 663
85 775
85 816
85 824
85 857
85 864
86 649
86 708
86 732
86 786
86 815
86 816
86 817
86 851
86 857
87 524
87 591
87 597
87 600
87 618
87 686
87 700
87 712
87 759
88 563
88 611
88 612
88 638
88 656
88 685
88 737
88 748
88 765
89 562
89 563
89 574
89 650
89 722
89 725
89 802
89 832
89 857
90 563
90 565
90 577
90 584
90 617
90 679
90 795
90 839
90 858
90 868
91 538
91 546
91 554
91 563
91 600
91 679
91 799
91 814
91 817
92 563
92 584
92 606
92 635
92 645
92 665
92 702
92 739
92 799
93 570
93 611
93 612
93 652
93 708
93 752
93 761
93 765
93 769
93 824
94 563
94 601
94 670
94 719
94 748
94 786
94 816
94 866
94 867
95 540
95 563
95 707
95 708
95 731
95 732
95 765
95 816
95 842
96 579
96 585
96 599
96 696
96 732
96 809
96 816
96 832
96 842
97 548
97 562
97 593
97 662
97 691
97 722
97 746
97 804
97 839
97 868
98 562
98 563
98 584
98 682
98 765
98 768
98 800
98 845
98 864
98 868
99 585
99 586
99 605
99 726
99 735
99 751
99 765
99 816
99 851
100 528
100 557
100 562
100 563
100 584
100 630
100 650
100 739
100 765
100 868
101 563
101 650
101 694
101 722
101 765
101 812
101 816
101 817
101 842
102 563
102 583
102 599
102 637
102 685
102 707
102 784
102 812
102 864
103 532
103 553
103 563
103 577
103 679
103 683
103 739
103 762
103 765
104 526
104 563
104 609
104 638
104 650
104 679
104 763
104 765
104 802
104 828
105 583
105 611
105 623
105 649
105 712
105 748
105 780
105 786
105 817
105 818
106 574
106 610
106 647
106 701
106 725
106 730
106 748
106 780
106 796
106 805
107 524
107 551
107 577
107 632
107 679
107 685
107 700
107 749
107 759
108 529
108 547
108 553
108 560
108 601
108 711
108 795
108 799
108 857
109 552
109 604
109 677
109 679
109 696
109 737
109 764
109 780
109 816
110 579
110 599
110 609
110 626
110 649
110 695
110 738
110 765
110 863
111 563
111 611
111 660
111 677
111 685
111 732
111 735
111 765
111 816
111 817
112 569
112 574
112 656
112 712
112 755
112 794
112 802
112 817
112 841
113 529
113 574
113 587
113 707
113 712
113 742
113 779
113 817
113 833
114 523
114 637
114 672
114 679
114 758
114 765
114 795
114 843
114 864
115 526
115 549
115 553
115 611
115 652
115 707
115 710
115 721
115 791
116 524
116 597
116 611
116 618
116 707
116 712
116 749
116 759
116 775
116 780
117 547
117 583
117 702
117 708
117 732
117 733
117 810
117 812
117 825
117 857
118 529
118 597
118 600
118 679
118 762
118 776
118 780
118 826
118 841
119 553
119 557
119 562
119 621
119 679
119 756
119 784
119 805
119 812
120 542
120 551
120 567
120 626
120 663
120 675
120 685
120 801
120 863
121 563
121 650
121 677
121 679
121 685
121 707
121 722
121 768
121 797
122 660
122 669
122 679
122 685
122 716
122 764
122 802
122 810
122 816
123 557
123 563
123 584
123 607
123 608
123 650
123 680
123 733
123 858
123 868
124 524
124 563
124 569
124 618
124 626
124 670
124 736
124 739
124 841
125 553
125 565
125 570
125 596
125 679
125 702
125 715
125 765
125 795
126 563
126 584
126 588
126 608
126 671
126 683
126 765
126 839
126 857
127 597
127 611
127 624
127 656
127 679
127 755
127 759
127 794
127 795
127 817
128 518
128 583
128 620
128 656
128 732
128 801
128 816
128 842
128 859
128 864
129 553
129 563
129 606
129 626
129 683
129 722
129 744
129 754
129 785
130 563
130 570
130 577
130 611
130 679
130 707
130 715
130 754
130 765
131 563
131 596
131 610
131 650
131 665
131 679
131 724
131 739
131 857
132 563
132 638
132 695
132 707
132 765
132 777
132 812
132 816
132 837
133 563
133 629
133 650
133 695
133 724
133 725
133 734
133 799
133 817
133 865
134 549
134 612
134 679
134 710
134 732
134 765
134 770
134 791
134 869
135 591
135 597
135 618
135 712
135 717
135 758
135 775
135 777
135 817
135 837
136 527
136 529
136 553
136 569
136 603
136 611
136 679
136 753
136 759
137 528
137 561
137 584
137 630
137 656
137 683
137 735
137 785
137 868
138 546
138 553
138 563
138 584
138 606
138 610
138 650
138 697
138 739
138 825
139 534
139 580
139 626
139 663
139 718
139 775
139 777
139 780
139 825
140 519
140 558
140 612
140 620
140 679
140 739
140 765
140 836
140 857
140 864
141 553
141 555
141 563
141 583
141 632
141 650
141 652
141 679
141 684
141 704
141 805
142 539
142 555
142 563
142 574
142 650
142 685
142 765
142 812
142 817
142 864
143 608
143 695
143 722
143 723
143 765
143 768
143 785
143 800
143 854
143 858
144 562
144 611
144 677
144 679
144 732
144 765
144 771
144 816
144 824
145 599
145 619
145 651
145 722
145 727
145 737
145 765
145 771
145 816
146 529
146 622
146 730
146 756
146 789
146 795
146 817
146 862
146 863
147 561
147 584
147 606
147 691
147 739
147 765
147 782
147 845
147 858
147 868
148 612
148 685
148 691
148 709
148 725
148 747
148 757
148 832
148 857
149 539
149 563
149 633
149 639
149 641
149 650
149 656
149 679
149 765
149 785
150 580
150 586
150 599
150 605
150 729
150 809
150 815
150 830
150 851
151 562
151 563
151 650
151 685
151 702
151 765
151 812
151 816
151 857
152 563
152 601
152 605
152 612
152 663
152 679
152 739
152 795
152 816
152 820
153 560
153 562
153 563
153 581
153 650
153 707
153 722
153 751
153 765
154 564
154 609
154 631
154 735
154 743
154 765
154 784
154 801
154 864
155 563
155 584
155 606
155 650
155 683
155 765
155 831
155 845
155 868
156 541
156 628
156 676
156 765
156 802
156 805
156 812
156 816
156 846
156 864
157 563
157 610
157 612
157 650
157 722
157 725
157 839
157 853
157 857
157 858
158 546
158 563
158 572
158 584
158 691
158 795
158 806
158 857
158 868
159 574
159 605
159 628
159 663
159 685
159 755
159 777
159 816
159 817
160 553
160 600
160 674
160 693
160 723
160 735
160 817
160 823
160 866
161 538
161 554
161 574
161 775
161 814
161 816
161 817
161 846
161 857
162 563
162 565
162 679
162 691
162 715
162 754
162 765
162 793
162 857
163 563
163 644
163 731
163 747
163 795
163 816
163 817
163 855
163 863
164 650
164 707
164 763
164 780
164 792
164 804
164 812
164 817
164 826
164 834
165 596
165 606
165 677
165 691
165 719
165 765
165 775
165 777
165 845
165 861
166 563
166 581
166 650
166 660
166 722
166 765
166 815
166 817
166 835
167 548
167 562
167 722
167 746
167 765
167 775
167 804
167 839
167 868
168 546
168 549
168 562
168 584
168 592
168 710
168 821
168 845
168 846
169 563
169 577
169 584
169 691
169 744
169 763
169 765
169 795
169 802
170 518
170 570
170 609
170 647
170 663
170 679
170 745
170 765
170 816
170 837
171 521
171 554
171 574
171 600
171 628
171 735
171 737
171 762
171 817
172 562
172 563
172 584
172 724
172 739
172 765
172 845
172 857
172 868
173 527
173 553
173 572
173 603
173 611
173 650
173 679
173 722
173 735
173 857
174 539
174 544
174 574
174 605
174 659
174 660
174 685
174 812
174 816
175 557
175 562
175 563
175 650
175 685
175 722
175 723
175 739
175 805
175 857
176 540
176 554
176 574
176 644
176 659
176 676
176 694
176 812
176 816
177 597
177 611
177 616
177 618
177 632
177 701
177 712
177 759
177 780
178 536
178 542
178 549
178 600
178 680
178 710
178 791
178 795
178 853
178 861
179 538
179 554
179 635
179 650
179 802
179 814
179 817
179 833
179 846
180 601
180 628
180 652
180 658
180 689
180 696
180 747
180 774
180 802
180 805
181 545
181 591
181 597
181 616
181 632
181 667
181 700
181 735
181 780
181 817
182 545
182 553
182 556
182 563
182 711
182 724
182 765
182 799
182 857
183 577
183 616
183 626
183 632
183 657
183 679
183 772
183 780
183 817
184 543
184 574
184 706
184 717
184 732
184 777
184 790
184 816
184 824
185 527
185 586
185 609
185 626
185 695
185 732
185 816
185 831
185 851
186 529
186 594
186 664
186 701
186 721
186 741
186 751
186 788
186 789
187 545
187 563
187 583
187 679
187 702
187 723
187 765
187 799
187 817
188 553
188 563
188 679
188 706
188 709
188 747
188 765
188 790
188 837
189 563
189 584
189 593
189 630
189 691
189 765
189 806
189 845
189 868
190 563
190 611
190 675
190 732
190 765
190 770
190 787
190 817
190 854
190 863
191 529
191 563
191 609
191 695
191 732
191 735
191 765
191 790
191 834
192 599
192 611
192 699
192 735
192 750
192 753
192 765
192 815
192 832
193 563
193 574
193 604
193 626
193 679
193 707
193 765
193 812
193 816
194 563
194 597
194 620
194 631
194 652
194 758
194 765
194 780
194 795
194 812
195 563
195 577
195 596
195 708
195 723
195 724
195 739
195 765
195 790
195 864
196 563
196 581
196 593
196 606
196 722
196 746
196 804
196 845
196 868
197 599
197 604
197 619
197 650
197 685
197 696
197 802
197 816
197 817
197 867
198 560
198 632
198 645
198 697
198 735
198 739
198 780
198 825
198 836
199 563
199 601
199 681
199 691
199 698
199 765
199 799
199 825
199 857
200 536
200 566
200 582
200 600
200 611
200 679
200 759
200 767
200 817
201 562
201 563
201 683
201 707
201 765
201 790
201 806
201 816
201 868
202 563
202 707
202 713
202 737
202 747
202 754
202 765
202 775
202 825
202 834
203 563
203 619
203 620
203 679
203 722
203 745
203 758
203 812
203 816
203 817
204 527
204 599
204 638
204 685
204 703
204 714
204 778
204 801
204 854
205 527
205 529
205 609
205 611
205 679
205 685
205 720
205 743
205 848
206 579
206 609
206 633
206 649
206 654
206 695
206 699
206 816
206 837
207 528
207 562
207 604
207 713
207 722
207 724
207 765
207 817
207 857
208 555
208 563
208 583
208 612
208 652
208 708
208 769
208 790
208 805
208 816
209 563
209 650
209 656
209 679
209 685
209 706
209 707
209 765
209 816
210 612
210 626
210 631
210 655
210 682
210 732
210 735
210 758
210 777
211 529
211 553
211 591
211 597
211 600
211 611
211 667
211 712
211 755
212 549
212 563
212 584
212 606
212 691
212 710
212 791
212 821
212 845
213 562
213 563
213 577
213 596
213 625
213 747
213 754
213 765
213 802
214 545
214 624
214 655
214 685
214 707
214 719
214 727
214 816
214 817
214 841
214 853
215 604
215 650
215 725
215 732
215 737
215 757
215 765
215 812
215 816
216 531
216 563
216 601
216 679
216 680
216 739
216 747
216 765
216 800
217 553
217 563
217 611
217 679
217 715
217 747
217 754
217 765
217 795
218 546
218 547
218 554
218 574
218 639
218 660
218 670
218 740
218 802
218 814
219 574
219 655
219 660
219 675
219 679
219 685
219 765
219 790
219 816
219 822
220 574
220 597
220 632
220 667
220 686
220 712
220 735
220 759
220 790
221 563
221 570
221 650
221 704
221 722
221 748
221 762
221 795
221 868
222 531
222 589
222 594
222 601
222 668
222 708
222 741
222 748
222 813
223 519
223 593
223 594
223 599
223 600
223 679
223 725
223 795
223 815
223 816
224 536
224 563
224 592
224 626
224 650
224 734
224 775
224 828
224 872
225 563
225 596
225 650
225 655
225 679
225 707
225 716
225 802
225 827
226 529
226 563
226 586
226 612
226 634
226 652
226 758
226 769
226 817
227 577
227 608
227 626
227 677
227 679
227 716
227 725
227 796
227 854
227 858
228 523
228 607
228 685
228 707
228 735
228 745
228 765
228 816
228 832
229 546
229 592
229 644
229 707
229 767
229 817
229 850
229 855
230 574
230 583
230 584
230 606
230 747
230 754
230 775
230 808
230 816
230 834
231 556
231 557
231 584
231 628
231 676
231 679
231 696
231 773
231 799
232 550
232 574
232 616
232 667
232 702
232 707
232 712
232 790
232 817
232 855
233 570
233 600
233 639
233 670
233 742
233 765
233 767
233 857
233 866
234 553
234 622
234 650
234 664
234 679
234 756
234 767
234 832
234 851
234 863
235 554
235 644
235 708
235 716
235 723
235 739
235 807
235 816
235 817
235 859
236 521
236 543
236 590
236 607
236 628
236 687
236 775
236 817
236 863
237 545
237 556
237 604
237 679
237 693
237 711
237 762
237 799
237 862
237 863
238 563
238 570
238 600
238 650
238 708
238 722
238 735
238 765
238 817
238 834
238 857
239 531
239 601
239 679
239 684
239 737
239 748
239 795
239 799
239 857
240 574
240 587
240 663
240 682
240 707
240 732
240 755
240 777
240 817
241 563
241 609
241 611
241 650
241 679
241 735
241 744
241 765
241 816
241 834
242 519
242 520
242 529
242 558
242 563
242 679
242 737
242 739
242 765
242 795
243 563
243 574
243 650
243 679
243 707
243 708
243 716
243 765
243 816
243 817
243 857
244 563
244 621
244 650
244 683
244 744
244 763
244 765
244 812
244 828
245 563
245 574
245 610
245 642
245 676
245 679
245 748
245 838
245 857
246 534
246 554
246 576
246 692
246 737
246 742
246 798
246 817
246 841
247 537
247 596
247 626
247 679
247 713
247 737
247 765
247 795
247 845
247 858
248 548
248 563
248 722
248 746
248 765
248 775
248 804
248 839
248 868
249 545
249 562
249 563
249 650
249 679
249 687
249 765
249 817
249 864
250 533
250 540
250 563
250 619
250 732
250 765
250 775
250 816
250 850
251 527
251 563
251 632
251 650
251 685
251 686
251 708
251 712
251 732
251 765
251 790
252 564
252 574
252 626
252 679
252 712
252 732
252 765
252 816
252 854
253 545
253 563
253 604
253 611
253 676
253 769
253 781
253 810
253 824
254 548
254 593
254 722
254 746
254 765
254 775
254 804
254 839
254 868
255 557
255 562
255 563
255 577
255 629
255 650
255 679
255 765
255 769
256 538
256 546
256 554
256 572
256 595
256 647
256 740
256 817
256 846
257 545
257 618
257 639
257 650
257 653
257 764
257 767
257 775
257 864
258 563
258 574
258 607
258 622
258 650
258 676
258 799
258 802
258 819
259 601
259 604
259 638
259 650
259 696
259 732
259 767
259 828
259 832
259 867
260 563
260 583
260 650
260 652
260 655
260 708
260 709
260 747
260 769
260 824
261 553
261 627
261 629
261 643
261 666
261 679
261 722
261 758
261 765
261 832
262 563
262 581
262 596
262 650
262 747
262 754
262 757
262 765
262 790
262 795
263 524
263 594
263 596
263 685
263 695
263 725
263 765
263 802
263 864
264 627
264 643
264 656
264 666
264 679
264 708
264 722
264 758
264 832
265 553
265 620
265 631
265 706
265 735
265 758
265 771
265 854
265 864
266 529
266 554
266 601
266 628
266 692
266 742
266 762
266 814
266 838
267 545
267 563
267 632
267 644
267 682
267 707
267 712
267 719
267 765
267 780
268 601
268 607
268 609
268 650
268 765
268 803
268 805
268 809
268 828
268 835
269 526
269 529
269 577
269 608
269 650
269 722
269 744
269 763
269 858
270 534
270 563
270 574
270 685
270 701
270 728
270 765
270 768
270 816
270 817
271 566
271 586
271 599
271 611
271 705
271 735
271 765
271 851
271 863
272 525
272 562
272 563
272 645
272 667
272 674
272 735
272 739
272 817
272 841
273 545
273 594
273 600
273 611
273 632
273 639
273 699
273 775
273 857
274 532
274 563
274 636
274 679
274 725
274 748
274 764
274 817
274 857
275 546
275 549
275 563
275 584
275 650
275 704
275 713
275 763
275 795
276 524
276 569
276 591
276 597
276 632
276 686
276 755
276 780
276 864
277 593
277 601
277 610
277 626
277 679
277 748
277 790
277 840
277 856
277 860
278 520
278 568
278 611
278 679
278 739
278 748
278 773
278 786
278 825
279 555
279 563
279 612
279 638
279 650
279 713
279 725
279 765
279 857
280 543
280 547
280 563
280 650
280 758
280 759
280 765
280 769
280 775
280 864
281 531
281 607
281 676
281 740
281 798
281 799
281 817
281 846
281 857
282 590
282 687
282 742
282 768
282 775
282 777
282 790
282 817
282 857
283 665
283 676
283 708
283 769
283 775
283 780
283 816
283 824
283 838
284 583
284 601
284 610
284 658
284 718
284 748
284 760
284 786
284 816
285 534
285 574
285 598
285 650
285 732
285 790
285 812
285 816
285 817
285 842
286 555
286 563
286 612
286 672
286 748
286 752
286 758
286 761
286 864
287 553
287 563
287 611
287 698
287 759
287 765
287 817
287 829
287 837
288 562
288 571
288 574
288 650
288 723
288 816
288 823
288 846
288 864
289 531
289 563
289 628
289 652
289 687
289 747
289 805
289 860
289 861
290 562
290 563
290 606
290 624
290 625
290 713
290 722
290 742
290 817
290 868
291 532
291 544
291 560
291 574
291 614
291 629
291 787
291 809
291 812
292 563
292 584
292 606
292 607
292 650
292 707
292 713
292 785
292 839
292 858
293 563
293 584
293 589
293 626
293 685
293 725
293 764
293 765
293 795
293 823
293 857
294 560
294 611
294 679
294 699
294 765
294 777
294 790
294 795
294 837
295 563
295 574
295 628
295 713
295 737
295 805
295 816
295 818
295 856
296 520
296 558
296 650
296 679
296 739
296 748
296 795
296 805
296 832
297 557
297 563
297 601
297 650
297 679
297 708
297 724
297 737
297 765
297 795
298 553
298 555
298 560
298 650
298 685
298 758
298 765
298 769
298 816
299 529
299 555
299 563
299 612
299 628
299 752
299 761
299 765
299 769
300 545
300 656
300 685
300 758
300 765
300 769
300 816
300 824
300 854
301 562
301 563
301 584
301 607
301 630
301 722
301 765
301 775
301 785
301 797
302 563
302 683
302 712
302 720
302 722
302 735
302 765
302 801
302 806
303 579
303 611
303 695
303 732
303 735
303 765
303 777
303 786
303 863
304 540
304 563
304 619
304 650
304 682
304 765
304 810
304 816
304 864
305 524
305 597
305 611
305 686
305 712
305 759
305 777
305 790
305 817
305 841
306 557
306 601
306 612
306 622
306 650
306 679
306 735
306 756
306 799
307 557
307 612
307 652
307 670
307 673
307 679
307 682
307 773
307 824
308 541
308 545
308 563
308 600
308 647
308 650
308 725
308 737
308 764
308 846
309 546
309 638
309 639
309 650
309 730
309 737
309 775
309 802
309 823
309 837
310 541
310 574
310 612
310 713
310 765
310 805
310 812
310 816
310 817
310 864
311 575
311 627
311 629
311 679
311 698
311 737
311 781
311 783
311 857
312 559
312 599
312 632
312 650
312 654
312 660
312 712
312 738
312 851
313 553
313 562
313 632
313 660
313 722
313 765
313 777
313 849
313 869
314 562
314 612
314 645
314 650
314 679
314 748
314 799
314 805
314 857
315 524
315 615
315 624
315 679
315 686
315 702
315 772
315 817
315 841
316 525
316 596
316 625
316 650
316 679
316 774
316 799
316 817
316 857
317 563
317 577
317 606
317 650
317 691
317 708
317 722
317 783
317 868
318 601
318 612
318 620
318 627
318 631
318 708
318 758
318 769
318 842
319 525
319 600
319 674
319 700
319 762
319 772
319 779
319 808
319 817
319 866
320 563
320 600
320 612
320 650
320 652
320 732
320 761
320 769
320 816
320 824
321 521
321 593
321 640
321 650
321 679
321 680
321 681
321 715
321 716
321 724
321 754
322 553
322 606
322 624
322 681
322 715
322 742
322 817
322 850
322 868
323 563
323 650
323 651
323 664
323 668
323 720
323 722
323 778
323 792
323 816
324 536
324 554
324 563
324 612
324 628
324 642
324 679
324 725
324 817
325 600
325 628
325 644
325 656
325 675
325 775
325 817
325 855
325 863
326 553
326 568
326 632
326 638
326 679
326 735
326 765
326 775
326 817
327 540
327 546
327 554
327 574
327 660
327 670
327 775
327 814
327 817
328 563
328 584
328 683
328 747
328 765
328 817
328 857
328 864
328 868
329 563
329 574
329 577
329 593
329 740
329 742
329 817
329 844
329 868
330 545
330 594
330 595
330 604
330 653
330 725
330 764
330 789
330 805
330 827
331 682
331 685
331 732
331 758
331 765
331 769
331 812
331 816
331 854
332 522
332 563
332 574
332 702
332 707
332 765
332 797
332 817
332 864
333 525
333 554
333 563
333 632
333 667
333 679
333 707
333 773
333 838
334 563
334 650
334 671
334 739
334 776
334 806
334 807
334 825
334 834
335 519
335 553
335 576
335 732
335 748
335 765
335 802
335 805
335 817
336 521
336 553
336 589
336 597
336 601
336 668
336 722
336 741
336 789
337 563
337 578
337 625
337 650
337 662
337 685
337 739
337 765
337 868
338 551
338 563
338 633
338 650
338 677
338 679
338 707
338 765
338 777
338 817
338 841
339 568
339 632
339 638
339 707
339 740
339 816
339 817
339 835
339 844
340 554
340 574
340 628
340 676
340 682
340 769
340 814
340 817
340 824
341 568
341 599
341 649
341 663
341 664
341 712
341 780
341 788
341 815
341 864
342 555
342 677
342 682
342 685
342 686
342 784
342 802
342 816
342 840
343 555
343 562
343 574
343 612
343 650
343 660
343 685
343 765
343 805
343 817
344 563
344 597
344 632
344 671
344 685
344 759
344 765
344 775
344 780
344 817
345 581
345 620
345 650
345 679
345 682
345 685
345 701
345 765
345 859
346 527
346 529
346 579
346 633
346 677
346 679
346 695
346 699
346 737
346 765
347 600
347 607
347 635
347 676
347 679
347 798
347 817
347 838
347 857
348 554
348 574
348 593
348 628
348 635
348 644
348 740
348 817
348 863
349 570
349 650
349 682
349 707
349 722
349 737
349 777
349 803
349 857
350 544
350 551
350 626
350 685
350 705
350 787
350 793
350 812
350 822
350 847
351 547
351 563
351 583
351 584
351 606
351 650
351 687
351 763
351 845
352 545
352 570
352 600
352 622
352 756
352 778
352 832
352 862
352 863
352 865
353 554
353 576
353 600
353 624
353 737
353 742
353 798
353 817
353 841
354 574
354 601
354 659
354 660
354 685
354 707
354 816
354 817
354 846
355 522
355 559
355 650
355 655
355 660
355 685
355 702
355 765
355 857
356 562
356 563
356 650
356 685
356 702
356 765
356 812
356 816
356 857
357 610
357 657
357 664
357 682
357 685
357 701
357 713
357 805
357 858
358 563
358 584
358 596
358 739
358 765
358 768
358 838
358 845
358 868
359 650
359 713
359 722
359 756
359 782
359 785
359 830
359 839
359 845
360 540
360 663
360 707
360 732
360 743
360 765
360 812
360 816
360 863
361 521
361 531
361 601
361 679
361 689
361 708
361 781
361 799
361 870
362 540
362 568
362 578
362 620
362 656
362 663
362 679
362 706
362 745
362 758
363 597
363 614
363 629
363 632
363 656
363 679
363 758
363 765
363 832
363 841
364 600
364 670
364 759
364 762
364 773
364 799
364 817
364 841
364 863
365 555
365 562
365 650
365 687
365 737
365 758
365 765
365 769
365 825
366 653
366 668
366 670
366 685
366 716
366 789
366 802
366 805
366 817
367 581
367 588
367 679
367 713
367 754
367 765
367 839
367 858
367 868
368 543
368 600
368 623
368 628
368 652
368 669
368 766
368 810
368 824
369 529
369 547
369 563
369 574
369 612
369 661
369 684
369 774
369 805
370 563
370 610
370 612
370 628
370 679
370 713
370 764
370 765
370 854
371 563
371 592
371 593
371 640
371 667
371 679
371 735
371 775
371 861
372 544
372 613
372 629
372 683
372 685
372 703
372 805
372 809
372 863
373 618
373 632
373 638
373 663
373 700
373 712
373 736
373 780
373 816
374 616
374 632
374 707
374 712
374 736
374 770
374 775
374 780
374 790
375 524
375 574
375 579
375 616
375 632
375 685
375 686
375 712
375 735
375 749
376 562
376 597
376 632
376 660
376 695
376 707
376 765
376 780
376 816
376 846
377 599
377 664
377 685
377 703
377 801
377 815
377 816
377 851
377 854
378 574
378 609
378 624
378 634
378 650
378 719
378 764
378 769
378 828
379 551
379 568
379 655
379 663
379 664
379 677
379 707
379 801
379 816
379 854
380 529
380 554
380 574
380 597
380 599
380 650
380 663
380 765
380 816
380 828
381 526
381 562
381 563
381 650
381 679
381 722
381 763
381 765
381 858
381 868
382 563
382 650
382 725
382 734
382 737
382 765
382 767
382 857
383 546
383 549
383 596
383 625
383 639
383 710
383 791
383 806
383 821
384 519
384 599
384 626
384 655
384 714
384 732
384 735
384 816
384 851
385 519
385 528
385 559
385 575
385 697
385 739
385 795
385 834
385 852
386 582
386 594
386 638
386 651
386 696
386 718
386 732
386 816
386 847
387 597
387 612
387 661
387 679
387 708
387 737
387 765
387 790
387 856
388 553
388 563
388 602
388 650
388 685
388 707
388 765
388 811
388 812
388 817
389 583
389 587
389 660
389 673
389 682
389 707
389 755
389 790
389 833
389 872
390 531
390 554
390 574
390 598
390 688
390 756
390 807
390 817
390 838
391 547
391 563
391 638
391 650
391 685
391 695
391 699
391 765
391 812
391 816
391 846
392 550
392 554
392 574
392 667
392 702
392 712
392 780
392 790
392 855
393 551
393 626
393 649
393 660
393 677
393 685
393 732
393 787
393 847
393 857
394 553
394 563
394 565
394 754
394 765
394 775
394 793
394 795
394 825
395 544
395 553
395 574
395 668
395 685
395 741
395 760
395 816
395 817
396 540
396 563
396 611
396 638
396 765
396 777
396 816
396 817
396 834
397 526
397 562
397 563
397 601
397 650
397 704
397 747
397 756
397 857
398 600
398 611
398 618
398 628
398 634
398 679
398 708
398 748
398 841
399 563
399 584
399 596
399 650
399 679
399 683
399 724
399 747
399 757
400 595
400 658
400 689
400 696
400 708
400 730
400 756
400 774
400 802
401 549
401 563
401 612
401 620
401 652
401 690
401 710
401 758
401 791
402 602
402 609
402 649
402 698
402 745
402 765
402 768
402 777
402 790
403 563
403 578
403 650
403 679
403 713
403 724
403 799
403 817
403 829
404 551
404 677
404 755
404 775
404 780
404 790
404 816
404 817
404 854
404 871
405 609
405 619
405 638
405 663
405 685
405 765
405 815
405 816
405 863
406 559
406 577
406 626
406 650
406 696
406 765
406 767
406 828
406 834
407 530
407 553
407 574
407 597
407 598
407 667
407 707
407 817
407 869
408 568
408 626
408 632
408 706
408 719
408 735
408 775
408 816
408 817
409 597
409 621
409 636
409 673
409 712
409 716
409 748
409 759
409 841
410 586
410 656
410 663
410 707
410 729
410 811
410 816
410 832
410 851
411 546
411 595
411 633
411 653
411 668
411 679
411 732
411 764
411 801
411 834
411 857
412 563
412 570
412 584
412 593
412 650
412 683
412 691
412 712
412 713
412 775
412 868
413 707
413 716
413 723
413 748
413 765
413 796
413 802
413 819
413 846
414 607
414 610
414 685
414 713
414 723
414 737
414 805
414 818
414 857
415 611
415 650
415 660
415 679
415 685
415 708
415 765
415 812
415 816
415 817
415 835
415 842
416 532
416 553
416 558
416 601
416 679
416 715
416 737
416 762
416 795
417 522
417 599
417 664
417 685
417 703
417 718
417 811
417 812
417 852
418 553
418 563
418 584
418 691
418 722
418 737
418 795
418 845
418 857
419 586
419 599
419 685
419 780
419 786
419 801
419 815
419 816
419 851
420 599
420 611
420 663
420 685
420 812
420 816
420 820
420 851
420 867
421 560
421 562
421 563
421 574
421 650
421 707
421 722
421 765
421 817
422 565
422 566
422 628
422 637
422 693
422 724
422 817
422 835
422 863
423 527
423 570
423 609
423 613
423 663
423 695
423 760
423 765
423 837
424 518
424 570
424 583
424 609
424 663
424 717
424 745
424 765
424 837
425 547
425 564
425 574
425 599
425 684
425 719
425 750
425 801
425 842
425 864
426 562
426 563
426 641
426 650
426 677
426 713
426 722
426 765
426 845
427 545
427 551
427 568
427 626
427 663
427 664
427 685
427 703
427 750
427 790
428 531
428 561
428 562
428 563
428 584
428 640
428 650
428 817
428 832
428 864
429 574
429 660
429 679
429 719
429 737
429 764
429 765
429 775
429 828
430 562
430 563
430 650
430 681
430 704
430 733
430 754
430 765
430 857
430 858
431 574
431 609
431 663
431 679
431 685
431 786
431 815
431 831
431 863
432 529
432 574
432 612
432 657
432 660
432 707
432 812
432 816
432 817
433 547
433 599
433 605
433 663
433 705
433 707
433 726
433 816
433 842
433 852
434 563
434 601
434 629
434 679
434 748
434 774
434 795
434 805
434 857
435 562
435 563
435 606
435 650
435 662
435 691
435 716
435 765
435 864
435 868
436 543
436 639
436 679
436 708
436 719
436 748
436 765
436 837
436 860
437 530
437 551
437 574
437 632
437 660
437 817
437 848
437 849
437 864
438 523
438 574
438 672
438 685
438 765
438 784
438 796
438 816
438 857
439 545
439 566
439 591
439 600
439 618
439 628
439 632
439 679
439 702
440 545
440 563
440 578
440 601
440 610
440 650
440 725
440 735
440 818
441 628
441 679
441 685
441 707
441 723
441 729
441 760
441 769
441 805
442 595
442 639
442 660
442 668
442 732
442 733
442 735
442 741
442 765
442 870
443 562
443 588
443 628
443 709
443 713
443 829
443 830
443 839
443 863
444 580
444 596
444 604
444 685
444 722
444 754
444 765
444 815
444 868
445 554
445 624
445 628
445 639
445 679
445 733
445 833
445 846
445 857
446 562
446 563
446 573
446 617
446 646
446 704
446 713
446 722
446 763
447 524
447 533
447 597
447 622
447 664
447 679
447 756
447 780
447 802
447 817
448 569
448 600
448 663
448 676
448 707
448 759
448 790
448 817
448 833
449 531
449 560
449 600
449 670
449 679
449 685
449 761
449 810
449 817
450 589
450 600
450 650
450 670
450 675
450 725
450 748
450 764
450 789
450 827
451 609
451 612
451 632
451 652
451 708
451 761
451 780
451 805
451 810
452 563
452 574
452 650
452 765
452 812
452 813
452 816
452 817
452 864
453 574
453 591
453 597
453 611
453 615
453 708
453 712
453 817
453 855
454 524
454 605
454 663
454 679
454 707
454 732
454 755
454 816
454 817
454 840
455 537
455 562
455 563
455 584
455 593
455 722
455 724
455 765
455 790
455 868
456 650
456 659
456 685
456 705
456 707
456 713
456 726
456 805
456 816
456 840
457 594
457 685
457 696
457 714
457 725
457 802
457 809
457 816
457 857
458 600
458 679
458 732
458 734
458 735
458 737
458 759
458 777
458 838
459 553
459 629
459 643
459 656
459 679
459 722
459 758
459 765
459 832
460 540
460 555
460 594
460 618
460 652
460 725
460 732
460 775
460 864
461 521
461 535
461 542
461 549
461 612
461 679
461 710
461 791
461 799
462 554
462 574
462 642
462 660
462 676
462 679
462 692
462 798
462 817
463 601
463 683
463 734
463 765
463 795
463 799
463 805
463 839
463 858
464 574
464 652
464 731
464 765
464 775
464 780
464 799
464 812
464 816
465 566
465 594
465 599
465 651
465 655
465 660
465 677
465 707
465 816
465 863
466 553
466 629
466 643
466 656
466 666
466 679
466 722
466 758
466 765
466 832
467 550
467 600
467 736
467 769
467 775
467 780
467 790
467 817
467 835
468 563
468 573
468 617
468 646
468 679
468 713
468 722
468 795
468 813
469 544
469 626
469 663
469 685
469 732
469 790
469 816
469 840
469 851
469 852
469 867
470 563
470 650
470 679
470 704
470 737
470 744
470 763
470 765
470 857
471 532
471 655
471 664
471 677
471 703
471 738
471 739
471 801
471 816
471 836
472 518
472 545
472 679
472 707
472 713
472 735
472 737
472 777
472 825
472 861
473 538
473 563
473 595
473 599
473 604
473 639
473 650
473 714
473 765
473 857
474 605
474 619
474 626
474 660
474 682
474 685
474 732
474 816
474 841
474 843
475 563
475 637
475 650
475 679
475 697
475 708
475 711
475 722
475 737
475 795
475 842
475 857
476 537
476 562
476 563
476 584
476 593
476 650
476 713
476 747
476 802
477 609
477 678
477 679
477 718
477 735
477 765
477 767
477 815
477 837
478 551
478 553
478 563
478 609
478 626
478 685
478 732
478 765
478 834
479 562
479 563
479 574
479 584
479 713
479 739
479 765
479 785
479 797
479 868
480 610
480 679
480 685
480 695
480 713
480 725
480 765
480 792
480 815
481 555
481 557
481 612
481 739
481 752
481 761
481 769
481 817
481 864
482 563
482 570
482 577
482 656
482 709
482 747
482 754
482 765
482 832
483 532
483 552
483 605
483 650
483 663
483 707
483 708
483 732
483 767
483 805
484 553
484 563
484 668
484 702
484 732
484 765
484 812
484 816
484 837
485 563
485 599
485 650
485 679
485 685
485 765
485 817
485 822
485 856
486 527
486 530
486 534
486 568
486 597
486 632
486 660
486 772
486 817
486 833
487 529
487 570
487 609
487 611
487 654
487 695
487 750
487 765
487 871
488 597
488 611
488 626
488 632
488 679
488 749
488 775
488 790
488 816
488 850
489 563
489 627
489 650
489 679
489 713
489 722
489 765
489 783
489 857
490 562
490 563
490 650
490 681
490 683
490 747
490 765
490 775
490 846
490 868
491 554
491 563
491 650
491 660
491 679
491 764
491 765
491 857
491 864
492 563
492 582
492 610
492 638
492 650
492 685
492 737
492 806
492 864
493 545
493 577
493 702
493 739
493 772
493 781
493 807
493 817
493 841
494 546
494 597
494 636
494 667
494 695
494 697
494 816
494 817
494 841
495 545
495 552
495 563
495 597
495 611
495 628
495 650
495 732
495 735
496 563
496 577
496 626
496 724
496 737
496 747
496 754
496 765
496 803
497 560
497 619
497 651
497 663
497 708
497 735
497 778
497 801
497 815
498 551
498 574
498 579
498 597
498 609
498 632
498 685
498 759
498 765
499 525
499 600
499 674
499 712
499 772
499 779
499 808
499 817
499 866
500 547
500 599
500 619
500 651
500 722
500 727
500 737
500 765
500 771
500 816
501 529
501 531
501 546
501 562
501 563
501 650
501 724
501 733
501 842
502 563
502 573
502 617
502 646
502 679
502 704
502 713
502 795
502 813
503 563
503 609
503 650
503 724
503 739
503 765
503 795
503 834
503 864
504 577
504 599
504 650
504 679
504 685
504 707
504 722
504 765
504 864
505 543
505 553
505 563
505 593
505 601
505 612
505 650
505 723
505 734
505 757
505 795
506 616
506 624
506 648
506 667
506 679
506 712
506 736
506 764
506 865
507 561
507 562
507 563
507 580
507 590
507 691
507 765
507 790
507 857
507 868
508 554
508 600
508 601
508 628
508 679
508 742
508 776
508 817
508 833
509 557
509 563
509 577
509 606
509 707
509 739
509 765
509 797
509 832
510 522
510 672
510 685
510 701
510 707
510 712
510 765
510 784
510 817
511 584
511 641
511 679
511 698
511 713
511 715
511 722
511 737
511 765
512 620
512 627
512 648
512 650
512 652
512 656
512 666
512 682
512 722
512 758
513 563
513 589
513 650
513 679
513 722
513 723
513 765
513 817
513 823
514 542
514 546
514 549
514 710
514 730
514 733
514 737
514 791
514 795
515 563
515 638
515 650
515 664
515 714
515 722
515 763
515 765
515 816
516 610
516 685
516 687
516 701
516 708
516 713
516 722
516 792
516 805
516 854
516 868
517 524
517 574
517 600
517 707
517 712
517 775
517 780
517 817
517 833
